#BPNN PARAM GENERATED AUTOMATICALLY IN 1580597329 SECONDS SINCE JABUARY 1, 1970
#!!DO NOT MODIFY!!
D=3
Q=71
L=1
0.828923
0.701591
0.391701
0.693581
0.568146
0.279865
0.576302
1.168892
0.648156
0.828982
-0.327898
0.061973
0.795940
0.312520
0.383336
0.697941
0.326427
0.736163
0.817207
-0.390597
0.221710
0.138412
0.156768
1.744037
0.451554
0.351831
2.042573
0.421942
0.472621
0.887857
0.477743
0.627481
0.645946
0.002281
0.895925
0.109219
0.344482
0.014162
0.228368
-0.003405
0.707874
0.279997
-0.092501
-0.234954
0.385815
0.295373
0.784482
0.444154
0.406843
0.758093
0.215078
0.598822
-0.202676
1.032716
0.492989
0.547660
-0.510383
-0.232542
0.096694
3.458681
0.413531
1.384456
0.687616
-0.462813
0.854419
0.119205
0.588753
0.561435
0.412025
0.769229
0.470763
0.052429
0.242969
0.586717
0.497873
0.631302
-0.303419
0.562401
0.036700
0.682942
1.014959
-0.074779
0.123414
0.680891
0.275347
0.386666
0.220115
-0.947350
0.299566
0.429296
-0.181919
0.344010
0.136691
0.823668
0.970965
0.519525
0.055000
2.219596
0.393825
0.638959
1.114583
0.090510
0.130398
0.526877
0.561463
1.369493
0.538592
0.687813
0.101804
0.601016
0.297886
0.851526
0.129516
0.421620
-0.418789
0.098223
0.815791
0.346735
0.573170
0.310511
0.847172
0.672526
0.682738
-0.181465
1.218974
0.718140
0.611646
-0.075516
-0.307128
-0.021215
3.534243
0.237041
0.835708
1.428831
-0.334576
0.154831
0.582609
0.444875
0.437850
-0.023204
0.407547
0.492148
0.499176
0.298120
0.081903
0.154128
0.481420
-0.957363
0.517285
0.090442
0.506246
0.791778
0.127884
0.753362
0.670484
0.490321
0.475662
0.227539
-0.304596
0.278177
0.363961
-0.434099
0.817939
0.513606
0.116527
0.892045
0.698894
0.777182
2.136427
0.589760
0.562644
1.195526
0.363570
0.524896
0.508118
0.404856
1.471345
0.601767
0.485915
0.069443
0.641209
0.849904
0.762782
0.503345
0.739687
-0.439150
0.821704
0.119930
0.272124
0.427470
0.579855
0.713659
0.234728
0.641510
0.217422
1.021369
0.427150
0.494520
-0.343295
-0.449466
0.142655
3.264643
-0.219019
1.427094
1.500188
-0.431383
0.308890
0.493893
0.303188
0.373897
0.683161
0.294794
0.119708
0.660118
0.541679
0.455187
1.094107
1.071827
-1.500216
0.064000
0.710525
1.345886
2.003919
-0.514149
0.209429
-0.285198
0.438986
0.587501
0.536893
-1.188273
0.678316
-0.002565
-1.326676
0.822773
-0.066240
0.290600
-1.227003
0.992821
0.809858
-2.549884
0.645013
1.230629
-0.908823
0.095667
0.459957
1.118691
0.002011
-1.200794
0.448093
0.875341
-0.168601
0.692492
0.279928
-0.395647
0.102448
0.497279
-1.740225
0.166616
0.323346
0.976153
0.775114
0.395382
-0.657079
0.582117
1.400817
-0.349879
-0.834131
1.225437
1.180958
-1.008040
-1.118476
-0.152676
3.394528
-0.172956
-1.336712
-1.138983
-1.621468
0.433967
0.241604
0.668026
0.796125
0.025619
0.943412
0.344047
0.827102
0.912058
0.635642
1.260134
1.664010
0.337747
0.785238
0.660241
1.862322
2.765653
0.055815
0.758958
0.345807
0.812123
0.984051
0.726192
0.247555
1.045187
0.586398
-0.196060
1.261906
0.451450
0.811015
1.573785
1.637233
0.671576
4.507622
1.235420
1.628290
0.601409
0.323971
0.905819
1.642159
0.244248
1.046976
0.941591
1.421625
0.344993
1.368056
0.665702
0.232688
0.337466
0.478484
-0.551053
0.582671
0.741734
1.198898
1.344465
1.115955
-0.090433
0.700363
1.945521
0.665823
0.826819
1.609113
1.612686
-0.215190
-0.653797
0.488708
-0.394618
0.298549
1.373923
1.008917
-0.809991
0.958044
0.401601
1.186618
1.220270
0.246272
1.348756
1.102013
3.612286
